// F1 Circuit Track Paths
// Generated by extract_track_paths.py
// Coordinate system: 0-100 (width) x 0-75 (height), 3-unit padding
// Points: 80 evenly-spaced along fastest lap telemetry

Bahrain: [
  [27.4,44.0],[27.5,40.0],[27.7,36.0],[27.9,32.0],[28.0,28.0]
  [28.2,24.0],[28.3,20.0],[28.5,16.0],[28.6,12.0],[28.7,8.1]
  [28.9,4.1],[31.6,3.0],[34.9,5.1],[38.8,4.5],[42.7,3.9]
  [46.7,4.5],[50.6,5.3],[54.5,6.1],[58.4,6.9],[62.4,7.6]
  [66.3,8.4],[70.2,9.1],[73.7,10.8],[73.0,14.5],[69.9,17.0]
  [66.8,19.5],[64.3,22.6],[62.0,25.8],[58.2,26.9],[54.2,27.3]
  [51.0,29.6],[48.7,32.9],[46.5,36.2],[43.4,36.0],[43.4,32.0]
  [44.3,28.1],[45.2,24.2],[45.8,20.3],[45.6,16.3],[43.4,13.0]
  [40.7,14.4],[40.2,18.4],[39.9,22.4],[39.7,26.4],[39.5,30.4]
  [39.3,34.4],[39.2,38.4],[39.0,42.4],[38.8,46.4],[38.6,50.4]
  [39.4,54.2],[43.0,55.7],[46.6,54.1],[49.0,51.0],[50.6,47.3]
  [53.0,44.2],[56.5,42.4],[60.5,42.5],[64.1,44.1],[67.6,46.0]
  [69.0,49.6],[66.7,52.7],[63.2,54.6],[59.7,56.5],[56.1,58.4]
  [52.6,60.3],[49.2,62.3],[45.7,64.2],[42.2,66.1],[38.7,68.1]
  [35.2,70.1],[31.7,72.0],[28.0,71.7],[26.3,68.1],[26.3,64.1]
  [26.5,60.1],[26.7,56.2],[26.9,52.2],[27.1,48.2],[27.4,44.2]
],
// Bahrain sector splits: s1End=0.34, s2End=0.66

Jeddah: [
  [54.0,57.2],[53.3,55.3],[52.7,53.5],[52.0,51.7],[51.4,49.8]
  [50.9,47.9],[50.3,46.1],[48.5,45.6],[48.7,43.7],[48.9,41.8]
  [48.7,39.8],[48.4,37.9],[48.2,36.0],[47.3,34.4],[46.0,33.1]
  [45.8,31.2],[46.5,29.4],[46.5,27.5],[45.6,25.8],[44.7,24.3]
  [44.7,22.3],[45.8,20.8],[47.3,19.6],[47.7,17.7],[48.2,15.8]
  [48.5,13.9],[48.6,11.9],[48.6,10.0],[48.5,8.0],[48.3,6.1]
  [48.0,4.2],[46.6,3.0],[45.3,4.3],[45.3,6.2],[46.2,7.9]
  [46.9,9.7],[47.0,11.7],[46.6,13.6],[45.8,15.4],[45.3,17.3]
  [44.1,18.5],[42.9,19.9],[42.7,21.8],[42.9,23.7],[43.5,25.6]
  [44.2,27.4],[44.7,29.3],[44.8,31.2],[45.0,33.2],[45.6,35.0]
  [46.6,36.7],[47.3,38.5],[47.7,40.4],[47.7,42.4],[47.5,44.3]
  [47.6,46.2],[49.0,47.5],[49.6,49.4],[49.4,51.3],[48.6,53.1]
  [47.7,54.8],[47.2,56.7],[47.1,58.6],[47.4,60.5],[47.8,62.4]
  [48.4,64.3],[49.3,66.0],[50.6,67.5],[52.0,68.9],[53.5,70.1]
  [55.0,71.3],[56.7,72.0],[57.3,70.3],[56.9,68.4],[56.5,66.5]
  [56.0,64.6],[55.6,62.7],[55.2,60.8],[54.6,58.9],[54.0,57.1]
],
// Jeddah sector splits: s1End=0.3, s2End=0.64

Melbourne: [
  [44.6,55.2],[42.7,53.3],[40.8,51.5],[38.9,49.7],[37.0,47.9]
  [35.2,45.9],[35.2,43.4],[35.3,40.8],[34.0,38.5],[32.0,36.7]
  [30.1,34.9],[28.3,33.1],[26.5,31.1],[24.9,29.0],[23.4,26.9]
  [21.9,24.7],[20.9,22.3],[22.7,20.9],[25.3,20.3],[26.4,18.1]
  [26.1,15.5],[25.9,12.9],[26.9,10.5],[28.9,8.8],[31.1,7.3]
  [33.4,6.2],[35.9,5.2],[38.2,4.0],[40.6,3.0],[42.9,4.2]
  [45.4,5.0],[47.9,5.6],[50.3,6.8],[52.0,8.8],[53.1,11.2]
  [53.8,13.7],[54.1,16.3],[54.0,18.9],[53.5,21.5],[52.6,24.0]
  [51.8,26.5],[50.8,28.9],[50.5,31.5],[50.8,34.1],[51.4,36.7]
  [52.5,39.1],[54.0,41.3],[55.8,43.2],[57.7,45.0],[59.9,46.5]
  [62.4,46.8],[65.0,46.6],[67.3,47.8],[69.3,49.5],[71.4,51.2]
  [73.3,53.0],[74.8,55.1],[76.0,57.5],[76.8,60.0],[77.7,62.5]
  [78.5,65.0],[79.1,67.5],[78.7,69.9],[76.2,70.7],[73.6,71.3]
  [71.1,72.0],[68.6,71.6],[66.9,69.5],[65.8,67.2],[64.5,64.9]
  [62.3,65.3],[60.6,67.3],[58.1,67.6],[55.9,66.1],[54.0,64.3]
  [52.1,62.5],[50.3,60.6],[48.4,58.8],[46.5,57.0],[44.6,55.1]
],
// Melbourne sector splits: s1End=0.32, s2End=0.65

Suzuka: [
  [76.1,30.5],[78.3,33.2],[80.6,35.8],[82.9,38.5],[85.1,41.1]
  [87.4,43.8],[89.6,46.4],[91.9,49.1],[94.1,51.7],[96.3,54.5]
  [97.0,57.8],[95.6,60.9],[92.4,61.4],[90.1,58.9],[88.3,55.9]
  [85.9,53.4],[82.6,52.6],[79.8,50.8],[78.7,47.5],[76.5,44.9]
  [73.1,44.4],[70.0,42.9],[68.9,39.8],[70.1,36.6],[69.9,33.2]
  [67.1,31.3],[63.8,30.3],[60.3,30.3],[57.1,31.5],[54.4,33.7]
  [52.3,36.5],[50.1,39.2],[46.8,40.2],[43.3,40.5],[41.2,38.1]
  [40.6,34.7],[39.9,31.3],[39.2,27.9],[39.1,24.4],[40.5,21.2]
  [39.0,19.3],[37.1,22.2],[35.2,25.1],[32.8,27.6],[29.6,28.7]
  [26.1,28.8],[22.7,28.0],[19.5,26.7],[16.6,24.8],[14.3,22.2]
  [12.9,19.0],[11.4,15.8],[8.9,13.7],[5.5,13.6],[3.0,15.8]
  [3.8,19.0],[6.3,21.4],[9.1,23.4],[12.1,25.3],[15.2,26.9]
  [18.3,28.4],[21.6,29.6],[24.9,30.7],[28.2,31.8],[31.5,32.9]
  [34.8,34.0],[38.1,35.1],[41.4,36.2],[44.8,36.3],[48.0,34.9]
  [50.9,32.9],[53.4,30.6],[55.9,28.1],[58.6,25.9],[61.7,26.7]
  [64.6,24.9],[68.0,24.6],[71.3,25.8],[73.9,28.1],[76.2,30.7]
],
// Suzuka sector splits: s1End=0.38, s2End=0.7

Shanghai: [
  [55.2,58.7],[51.0,59.7],[46.7,60.8],[42.5,61.8],[38.2,62.9]
  [34.0,63.9],[29.8,64.9],[25.4,65.6],[21.2,64.7],[18.4,61.5]
  [18.6,57.3],[22.3,55.6],[23.6,59.3],[26.0,62.0],[28.2,58.6]
  [27.2,54.4],[24.5,50.9],[21.6,47.7],[18.6,44.5],[16.1,40.9]
  [14.1,37.1],[12.5,33.0],[11.1,28.8],[12.8,25.8],[16.4,28.2]
  [18.8,31.8],[20.7,35.7],[22.6,39.7],[25.4,43.0],[29.3,44.8]
  [33.6,44.4],[37.1,41.9],[39.2,38.1],[41.8,34.6],[45.9,33.5]
  [49.5,35.9],[51.4,39.8],[55.3,40.7],[57.6,37.2],[56.8,33.0]
  [54.6,29.3],[52.3,25.6],[50.0,21.8],[47.8,18.0],[45.7,14.2]
  [43.1,10.8],[39.3,12.4],[35.5,11.1],[35.1,6.9],[38.0,3.7]
  [42.2,3.0],[46.2,4.7],[49.0,8.0],[51.4,11.7],[53.7,15.4]
  [56.0,19.1],[58.3,22.8],[60.7,26.5],[63.0,30.2],[65.3,33.9]
  [67.7,37.6],[70.0,41.3],[72.3,44.9],[74.7,48.6],[77.1,52.3]
  [79.5,56.0],[81.8,59.6],[84.2,63.3],[86.7,66.9],[88.9,70.6]
  [86.2,72.0],[83.1,68.9],[80.6,65.3],[78.4,61.5],[76.1,57.8]
  [72.8,55.2],[68.5,55.8],[64.2,56.7],[59.9,57.6],[55.7,58.5]
],
// Shanghai sector splits: s1End=0.28, s2End=0.62

Miami: [
  [42.1,24.9],[45.7,27.2],[49.3,29.4],[53.0,31.6],[56.7,33.7]
  [60.5,35.7],[61.8,39.1],[59.0,42.4],[58.3,46.5],[56.3,50.2]
  [52.6,52.2],[48.4,52.8],[44.2,51.9],[40.5,49.8],[36.9,47.5]
  [33.3,45.2],[29.5,43.3],[25.3,42.8],[21.5,44.6],[17.4,45.1]
  [13.8,42.8],[9.9,41.4],[5.8,42.2],[3.0,45.3],[3.5,49.4]
  [7.5,50.3],[11.7,50.7],[15.9,51.5],[20.2,51.9],[24.5,51.7]
  [28.7,51.6],[33.0,51.6],[37.3,51.8],[41.3,53.1],[45.4,54.5]
  [49.5,55.5],[53.8,56.0],[58.0,55.9],[62.3,55.2],[66.4,54.1]
  [70.4,52.7],[74.5,51.3],[78.4,49.8],[82.3,48.0],[86.2,46.1]
  [89.9,44.0],[91.3,40.5],[88.3,37.4],[89.7,33.7],[93.9,33.2]
  [97.0,30.4],[96.2,26.7],[97.0,22.7],[93.0,21.5],[88.7,21.4]
  [84.4,21.3],[80.2,21.2],[75.9,21.1],[71.6,21.0],[67.3,20.9]
  [63.1,20.7],[58.8,20.6],[54.5,20.4],[50.3,20.3],[46.0,20.1]
  [41.7,20.0],[37.4,19.9],[33.2,19.9],[28.9,19.8],[24.6,19.6]
  [20.4,19.2],[16.1,19.0],[14.4,21.7],[17.9,24.1],[22.0,25.1]
  [25.9,23.5],[29.9,22.1],[34.1,21.8],[38.3,22.9],[42.1,24.9]
],
// Miami sector splits: s1End=0.35, s2End=0.67

Imola: [
  [72.5,17.8],[69.3,18.0],[66.0,18.2],[62.8,18.3],[59.6,18.1]
  [56.4,17.5],[53.3,16.7],[50.1,16.1],[46.9,15.9],[43.7,15.9]
  [40.5,16.1],[37.2,16.5],[34.0,17.0],[30.9,17.6],[27.8,18.6]
  [25.8,20.8],[23.7,23.1],[20.9,24.8],[18.8,27.1],[17.7,30.1]
  [16.5,33.2],[15.4,36.2],[14.2,39.2],[13.1,42.2],[11.8,45.2]
  [11.7,48.4],[12.2,51.6],[10.1,53.9],[7.6,56.0],[5.3,58.2]
  [3.0,60.5],[3.0,63.3],[6.1,63.7],[9.3,63.0],[12.5,62.5]
  [15.7,62.0],[18.9,61.6],[22.1,61.3],[25.3,61.4],[28.5,61.8]
  [31.7,62.1],[34.7,61.2],[36.4,58.5],[37.2,55.4],[37.1,52.1]
  [36.4,49.0],[35.7,45.8],[35.1,42.7],[36.0,39.6],[38.2,37.3]
  [41.3,37.8],[44.6,37.9],[47.8,37.9],[51.0,37.8],[54.2,37.7]
  [57.5,37.4],[60.7,37.2],[63.9,37.2],[66.6,38.4],[69.5,37.0]
  [72.4,35.6],[75.3,34.1],[78.0,32.3],[80.5,30.3],[82.7,28.0]
  [84.9,25.6],[87.0,23.2],[89.5,21.1],[92.4,19.7],[95.4,18.5]
  [97.0,16.1],[95.9,13.1],[93.4,11.3],[90.3,12.1],[87.4,13.5]
  [84.4,14.8],[81.4,16.1],[78.4,17.2],[75.2,17.7],[72.0,17.9]
],
// Imola sector splits: s1End=0.38, s2End=0.72

Monaco: [
  [23.2,49.6],[23.1,46.6],[23.3,43.6],[23.7,40.7],[24.4,37.7]
  [25.8,35.3],[28.7,34.7],[31.7,34.4],[34.6,33.8],[37.5,33.0]
  [40.4,32.3],[43.4,31.9],[46.3,31.2],[49.0,29.9],[51.8,28.9]
  [54.7,28.5],[57.7,28.0],[60.3,26.6],[61.9,24.1],[61.7,21.2]
  [60.2,18.6],[58.6,16.1],[59.3,13.3],[61.1,11.0],[63.0,8.7]
  [64.7,6.2],[66.6,3.9],[69.2,3.9],[70.1,6.8],[71.5,9.4]
  [72.8,8.5],[71.0,6.1],[72.5,3.9],[75.3,3.0],[76.9,5.1]
  [76.8,8.1],[76.5,11.1],[76.1,14.1],[75.3,16.9],[74.2,19.7]
  [72.9,22.4],[71.1,24.8],[68.7,26.6],[66.1,27.9],[63.4,29.2]
  [60.7,30.5],[57.9,31.6],[55.1,32.5],[52.1,32.9],[49.1,33.3]
  [47.0,35.2],[44.0,34.9],[41.1,35.3],[38.1,35.6],[35.1,36.0]
  [32.2,36.2],[29.4,37.0],[27.6,39.4],[26.7,42.2],[26.4,45.2]
  [27.3,48.0],[28.6,50.6],[29.3,53.5],[29.7,56.4],[29.2,59.2]
  [28.9,62.1],[30.1,64.8],[31.9,67.2],[34.4,68.7],[35.4,71.1]
  [32.7,72.0],[29.8,71.4],[28.9,68.6],[27.4,66.0],[26.1,63.3]
  [25.2,60.5],[24.4,57.6],[23.7,54.7],[23.4,51.7],[23.2,48.7]
],
// Monaco sector splits: s1End=0.29, s2End=0.64

Canada: [
  [59.8,60.6],[59.9,62.6],[59.8,64.6],[59.5,66.5],[59.6,68.5]
  [60.9,69.9],[61.5,71.5],[59.6,72.0],[57.7,71.6],[55.9,70.8]
  [54.2,69.7],[52.6,68.5],[51.1,67.2],[50.2,65.5],[50.1,63.5]
  [48.9,61.9],[47.6,60.4],[46.1,59.1],[44.8,57.7],[44.1,55.8]
  [44.0,53.8],[44.1,51.8],[43.8,49.9],[42.1,49.2],[40.3,48.6]
  [39.4,46.9],[39.0,44.9],[38.8,42.9],[38.7,40.9],[38.6,38.9]
  [38.5,36.9],[38.6,34.9],[38.8,33.0],[39.2,31.0],[39.6,29.0]
  [40.1,27.1],[40.8,25.3],[42.6,24.5],[43.7,22.8],[44.2,20.9]
  [44.6,19.0],[45.0,17.0],[45.3,15.0],[45.4,13.0],[45.5,11.1]
  [45.4,9.1],[45.0,7.1],[44.6,5.2],[44.3,3.2],[45.6,3.0]
  [46.0,4.9],[46.4,6.9],[47.1,8.8],[47.9,10.6],[48.7,12.4]
  [49.5,14.2],[50.2,16.1],[50.9,18.0],[51.5,19.9],[52.1,21.8]
  [52.5,23.7],[53.0,25.7],[53.4,27.6],[53.9,29.5],[54.3,31.5]
  [54.8,33.4],[55.2,35.4],[55.7,37.3],[56.2,39.2],[56.6,41.2]
  [57.0,43.1],[56.3,45.0],[56.4,47.0],[56.8,48.9],[57.4,50.8]
  [57.9,52.7],[58.4,54.7],[58.9,56.6],[59.4,58.5],[59.8,60.5]
],
// Canada sector splits: s1End=0.33, s2End=0.67

Spain: [
  [70.0,28.7],[68.1,31.6],[66.2,34.6],[64.4,37.5],[62.5,40.4]
  [60.6,43.4],[58.7,46.3],[56.8,49.2],[54.8,52.1],[52.9,54.9]
  [51.0,57.9],[49.2,60.9],[47.5,63.9],[45.7,66.8],[43.1,69.1]
  [39.8,68.7],[36.5,68.2],[33.5,70.0],[30.5,71.7],[27.0,72.0]
  [23.9,70.6],[21.9,67.8],[21.3,64.4],[21.7,61.0],[22.8,57.7]
  [24.7,54.7],[26.6,51.8],[28.4,48.9],[30.5,46.1],[33.5,44.6]
  [36.4,46.3],[37.5,49.5],[36.6,52.8],[34.6,55.7],[32.5,58.5]
  [30.7,61.4],[31.1,64.6],[34.5,64.4],[37.6,62.8],[40.7,61.4]
  [43.7,59.6],[46.1,57.1],[48.1,54.2],[49.0,51.0],[47.1,48.3]
  [44.9,45.7],[43.4,42.5],[41.9,39.4],[40.7,36.1],[40.9,32.7]
  [42.6,29.7],[45.8,28.2],[48.9,26.8],[52.1,25.3],[55.2,23.8]
  [58.3,22.1],[61.3,20.5],[64.4,18.9],[67.6,17.6],[70.1,15.4]
  [68.7,12.4],[65.4,11.9],[62.2,13.3],[59.2,14.9],[56.0,14.1]
  [55.4,10.9],[57.4,8.1],[60.2,5.9],[62.9,3.8],[66.2,3.0]
  [69.5,4.1],[72.5,5.9],[75.4,7.8],[77.8,10.2],[78.7,13.6]
  [77.6,16.8],[75.8,19.8],[73.9,22.7],[72.0,25.6],[70.1,28.5]
],
// Spain sector splits: s1End=0.36, s2End=0.7

Austria: [
  [73.2,59.8],[69.2,60.9],[65.2,61.9],[61.3,63.0],[57.3,64.1]
  [53.4,65.2],[49.4,66.2],[45.5,67.3],[41.5,67.0],[39.1,63.8]
  [36.8,60.4],[34.6,57.0],[32.3,53.6],[30.1,50.1],[27.9,46.7]
  [25.9,43.1],[24.1,39.4],[22.3,35.7],[20.6,32.0],[18.7,28.3]
  [16.6,24.9],[14.0,21.7],[11.1,18.8],[8.2,15.9],[5.2,13.1]
  [3.0,9.8],[6.4,8.1],[10.5,7.7],[14.5,7.7],[18.6,8.0]
  [22.7,8.6],[26.7,9.3],[30.7,10.1],[34.7,10.9],[38.8,11.6]
  [42.8,12.2],[46.9,12.7],[51.0,13.0],[55.1,13.1],[59.2,13.2]
  [62.9,14.6],[62.6,18.4],[59.9,21.5],[56.4,23.6],[52.5,24.8]
  [48.4,24.8],[44.4,24.3],[40.3,23.5],[36.3,23.1],[32.3,23.8]
  [29.5,26.6],[29.1,30.7],[30.4,34.5],[32.6,38.0],[34.9,41.4]
  [38.1,43.9],[42.1,43.7],[45.5,41.4],[48.5,38.6],[51.8,36.3]
  [55.8,35.3],[59.9,35.1],[64.0,35.0],[68.1,35.0],[72.1,34.9]
  [76.2,34.8],[80.3,34.7],[84.4,34.6],[88.5,34.9],[92.3,36.3]
  [94.7,39.6],[95.8,43.5],[97.0,47.4],[96.6,51.4],[93.4,53.8]
  [89.6,55.3],[85.7,56.4],[81.7,57.5],[77.8,58.5],[73.8,59.6]
],
// Austria sector splits: s1End=0.42, s2End=0.72

Silverstone: [
  [31.8,50.9],[33.6,48.6],[35.3,46.2],[37.1,43.8],[38.7,41.3]
  [40.6,39.1],[43.1,37.6],[46.0,37.4],[49.0,37.7],[51.9,37.1]
  [54.2,35.3],[56.4,33.2],[58.9,31.9],[60.6,33.9],[61.8,36.4]
  [63.8,34.7],[64.4,31.8],[63.8,29.0],[61.9,26.7],[59.6,24.8]
  [57.3,22.9],[55.1,21.0],[52.8,19.1],[50.6,17.1],[48.4,15.1]
  [46.2,13.2],[43.6,11.7],[40.8,12.2],[39.8,14.8],[38.6,17.4]
  [36.2,16.5],[36.2,13.6],[37.4,10.9],[39.1,8.5],[41.3,6.5]
  [43.9,5.1],[46.8,4.4],[49.7,4.0],[52.7,3.7],[55.6,3.4]
  [58.5,3.0],[61.5,3.1],[64.0,4.6],[65.5,7.2],[66.2,10.0]
  [66.7,12.9],[67.0,15.9],[67.1,18.9],[67.5,21.8],[68.4,24.6]
  [69.2,27.4],[68.8,30.3],[68.4,33.3],[69.5,36.0],[70.2,38.8]
  [68.8,41.3],[66.3,42.9],[64.4,45.1],[63.0,47.7],[61.7,50.4]
  [60.4,53.1],[59.1,55.7],[57.8,58.4],[56.5,61.1],[55.2,63.7]
  [53.8,66.4],[52.4,68.9],[50.4,71.1],[47.7,72.0],[45.1,70.7]
  [43.5,68.2],[41.9,65.7],[40.1,63.4],[38.2,61.1],[35.9,59.2]
  [33.3,60.2],[30.8,58.8],[29.8,56.1],[30.3,53.2],[31.9,50.7]
],
// Silverstone sector splits: s1End=0.3, s2End=0.65

Hungary: [
  [45.8,64.2],[43.3,62.2],[40.9,60.2],[38.5,58.2],[36.0,56.2]
  [33.6,54.2],[31.1,52.2],[28.7,50.3],[26.2,48.3],[23.7,46.4]
  [21.3,44.4],[19.5,41.8],[21.2,39.7],[24.3,39.9],[27.3,40.8]
  [30.2,42.2],[32.7,44.0],[35.1,46.1],[37.5,48.1],[40.0,50.1]
  [42.9,51.2],[45.1,49.3],[44.6,46.2],[43.1,43.4],[42.4,40.4]
  [43.2,37.4],[44.8,34.7],[46.4,31.9],[47.9,29.1],[49.4,26.4]
  [50.9,23.6],[52.7,21.0],[54.6,18.5],[55.5,15.5],[54.9,12.4]
  [53.8,9.4],[53.3,6.4],[54.6,3.6],[57.6,3.0],[60.4,4.3]
  [62.8,6.5],[64.9,8.8],[67.0,11.1],[68.2,13.9],[67.3,16.9]
  [68.0,20.0],[68.9,23.0],[70.9,25.4],[74.0,25.9],[76.7,27.2]
  [77.7,30.2],[77.0,33.2],[76.4,36.3],[76.7,39.5],[78.1,42.3]
  [79.9,44.9],[80.5,47.9],[79.5,50.8],[77.4,53.1],[75.1,55.4]
  [73.0,57.7],[70.8,60.0],[68.7,62.3],[66.6,64.6],[63.7,65.0]
  [61.5,62.7],[59.5,60.3],[57.2,58.1],[54.3,57.5],[53.0,60.1]
  [54.9,62.5],[57.5,64.3],[59.8,66.5],[60.3,69.5],[58.4,71.8]
  [55.3,72.0],[52.7,70.3],[50.3,68.2],[48.0,66.1],[45.6,64.1]
],
// Hungary sector splits: s1End=0.35, s2End=0.7

Spa: [
  [41.7,13.7],[40.1,11.1],[38.4,8.6],[36.7,6.1],[35.3,3.5]
  [37.5,3.0],[40.2,4.4],[42.8,5.9],[45.1,7.8],[47.2,9.9]
  [49.3,12.1],[51.3,14.3],[53.5,16.4],[55.9,18.1],[56.8,21.0]
  [57.9,23.7],[59.7,26.2],[61.5,28.6],[63.0,31.2],[64.2,34.0]
  [65.1,36.8],[66.1,39.7],[67.0,42.5],[68.0,45.4],[68.9,48.3]
  [69.9,51.1],[70.8,54.0],[71.6,56.9],[70.2,59.4],[70.3,62.3]
  [70.4,65.2],[68.3,67.2],[65.8,68.9],[63.4,70.8],[60.8,72.0]
  [59.5,69.8],[61.7,67.8],[64.0,65.9],[63.6,63.0],[62.5,60.2]
  [61.7,57.3],[61.1,54.4],[60.4,51.5],[59.3,48.7],[56.7,47.3]
  [53.7,47.5],[51.3,49.1],[49.7,51.7],[48.8,54.6],[47.9,57.4]
  [46.9,60.3],[44.9,62.3],[42.0,61.6],[39.2,62.1],[37.5,64.5]
  [36.1,67.2],[33.9,69.0],[31.1,67.8],[29.0,65.7],[28.4,62.9]
  [29.3,60.0],[30.9,57.5],[32.9,55.2],[35.1,53.2],[37.7,51.6]
  [40.3,50.1],[42.8,48.4],[44.8,46.2],[46.2,43.6],[47.3,40.8]
  [47.8,37.8],[47.0,34.9],[45.8,32.2],[44.7,29.4],[43.9,26.5]
  [43.4,23.5],[43.3,20.5],[45.0,18.7],[43.4,16.2],[41.7,13.7]
],
// Spa sector splits: s1End=0.25, s2End=0.58

Zandvoort: [
  [22.0,27.4],[23.7,23.3],[25.4,19.1],[27.1,15.0],[28.5,10.8]
  [29.7,6.5],[32.3,3.0],[36.3,3.9],[36.8,8.2],[35.3,12.4]
  [33.5,16.5],[32.6,20.8],[32.9,25.3],[30.5,28.8],[26.4,30.5]
  [23.3,33.4],[25.4,36.9],[29.8,36.3],[34.0,34.8],[38.3,33.6]
  [42.7,33.3],[47.1,33.8],[51.5,34.6],[55.9,34.7],[60.2,33.4]
  [64.1,31.2],[68.0,29.2],[72.4,28.5],[76.9,28.3],[81.3,28.4]
  [85.7,29.3],[89.0,32.1],[90.5,36.3],[89.7,40.6],[87.5,44.4]
  [85.1,48.2],[83.2,52.3],[81.1,56.2],[77.2,58.0],[72.7,57.8]
  [68.5,56.6],[64.9,53.9],[64.7,50.0],[68.3,47.5],[72.6,46.5]
  [77.0,45.5],[80.1,42.6],[78.6,38.6],[74.4,37.2],[70.0,36.7]
  [65.6,36.6],[61.1,37.1],[56.8,38.0],[52.5,39.3],[48.3,40.8]
  [44.1,42.2],[39.9,43.8],[35.9,45.7],[32.0,43.8],[28.2,45.3]
  [28.4,49.6],[29.1,54.0],[29.9,58.4],[30.7,62.8],[31.2,67.2]
  [29.4,71.1],[25.1,72.0],[20.7,71.7],[16.4,70.6],[12.6,68.2]
  [10.1,64.6],[9.5,60.2],[10.9,56.0],[12.5,51.9],[14.1,47.7]
  [15.7,43.6],[17.3,39.4],[18.9,35.2],[20.5,31.1],[22.2,26.9]
],
// Zandvoort sector splits: s1End=0.34, s2End=0.68

Monza: [
  [30.4,55.9],[30.6,53.5],[30.8,51.2],[31.0,48.9],[31.2,46.6]
  [31.4,44.3],[31.6,42.0],[31.8,39.7],[32.0,37.4],[32.2,35.0]
  [32.4,32.7],[32.6,30.4],[32.8,28.1],[34.3,26.6],[33.9,24.3]
  [33.5,22.0],[33.4,19.7],[33.6,17.4],[34.2,15.2],[35.2,13.1]
  [36.6,11.3],[38.5,9.9],[40.5,8.9],[42.8,8.3],[45.1,7.9]
  [47.4,7.7],[49.7,7.6],[52.0,7.5],[54.3,7.4],[56.6,6.9]
  [58.2,5.4],[60.5,4.9],[62.7,4.2],[64.9,3.4],[67.1,3.0]
  [69.0,4.2],[69.6,6.4],[69.8,8.8],[70.0,11.1],[69.7,13.3]
  [67.8,14.7],[65.8,15.7],[63.7,16.9],[61.7,18.0],[59.7,19.2]
  [57.8,20.5],[56.0,22.0],[54.3,23.5],[52.5,25.0],[50.8,26.6]
  [49.0,28.1],[47.3,29.6],[45.5,31.1],[43.8,32.7],[42.9,34.7]
  [42.6,37.0],[41.2,38.8],[40.4,40.9],[40.1,43.2],[39.9,45.6]
  [39.7,47.9],[39.5,50.2],[39.3,52.5],[39.1,54.8],[38.9,57.1]
  [38.6,59.4],[38.4,61.7],[38.2,64.0],[38.0,66.4],[37.7,68.7]
  [37.0,70.8],[35.1,72.0],[32.9,71.4],[31.3,69.7],[30.4,67.6]
  [30.1,65.3],[30.0,63.0],[30.1,60.7],[30.2,58.3],[30.4,56.0]
],
// Monza sector splits: s1End=0.32, s2End=0.65

Baku: [
  [84.9,23.0],[88.0,21.7],[91.2,20.4],[94.4,19.1],[97.0,17.1]
  [96.0,13.8],[94.6,10.7],[93.2,7.5],[91.8,4.4],[88.9,4.0]
  [85.7,5.2],[82.5,6.4],[79.2,7.6],[76.0,8.9],[72.9,10.2]
  [69.7,11.6],[66.6,13.0],[63.4,14.4],[60.3,15.7],[57.1,17.2]
  [54.6,19.1],[55.9,22.3],[57.2,25.5],[57.5,28.7],[54.4,30.0]
  [51.2,31.4],[48.2,33.1],[45.3,34.9],[45.3,38.1],[42.7,40.2]
  [40.0,42.3],[37.3,44.4],[34.5,46.5],[31.8,48.6],[29.8,46.5]
  [28.8,43.2],[27.6,40.1],[24.3,39.3],[22.5,36.8],[19.2,37.2]
  [16.0,38.5],[12.9,40.1],[9.9,41.7],[6.9,43.4],[5.0,46.2]
  [4.0,49.5],[3.1,52.8],[3.0,56.2],[3.3,59.6],[3.1,63.1]
  [5.4,65.2],[8.5,66.8],[11.5,68.5],[14.5,70.1],[17.7,71.0]
  [19.6,68.1],[21.1,65.1],[23.1,62.3],[25.6,59.9],[28.1,57.5]
  [30.3,54.9],[31.2,51.6],[32.6,48.5],[35.3,46.4],[38.1,44.3]
  [40.8,42.2],[43.5,40.2],[46.6,38.6],[49.8,37.3],[53.0,36.0]
  [56.1,34.7],[59.3,33.4],[62.5,32.0],[65.7,30.7],[68.8,29.4]
  [72.0,28.1],[75.2,26.9],[78.5,25.6],[81.7,24.4],[84.8,23.0]
],
// Baku sector splits: s1End=0.24, s2End=0.56

Singapore: [
  [96.4,38.0],[95.7,34.1],[95.1,30.1],[94.6,26.1],[94.1,22.1]
  [93.6,18.1],[93.0,14.1],[90.5,11.3],[86.8,9.8],[83.4,8.5]
  [81.9,12.1],[82.5,16.0],[83.9,19.8],[85.4,23.5],[86.4,27.4]
  [86.2,31.4],[83.0,33.6],[79.0,33.9],[75.0,33.6],[71.0,33.3]
  [67.0,32.9],[63.0,32.6],[58.9,32.3],[55.0,31.5],[51.3,29.9]
  [47.8,27.9],[44.4,25.8],[41.0,23.6],[37.6,21.5],[33.8,21.5]
  [31.3,24.6],[29.5,28.3],[27.3,31.5],[24.3,29.2],[21.7,26.1]
  [18.2,24.1],[14.8,25.9],[12.8,29.4],[11.0,33.0],[9.0,36.5]
  [7.0,40.0],[4.9,43.4],[3.0,47.0],[4.0,50.7],[7.4,52.7]
  [9.6,55.8],[10.9,59.5],[14.0,62.1],[16.6,65.1],[19.6,66.5]
  [20.6,62.7],[21.1,58.7],[21.9,54.7],[22.6,50.7],[23.4,46.8]
  [24.3,42.9],[25.6,39.1],[27.1,35.3],[30.4,34.8],[33.5,37.4]
  [36.5,40.1],[39.7,42.6],[43.4,44.1],[47.4,44.5],[51.4,44.8]
  [55.4,45.0],[59.4,45.3],[63.5,45.4],[67.5,45.5],[71.5,45.9]
  [73.7,48.9],[76.5,51.6],[80.5,52.0],[84.5,52.1],[88.5,52.4]
  [92.5,52.3],[95.5,49.8],[97.0,46.0],[97.0,42.0],[96.4,38.0]
],
// Singapore sector splits: s1End=0.31, s2End=0.63

COTA: [
  [8.7,45.7],[11.6,47.9],[14.5,50.1],[17.4,52.3],[20.2,54.5]
  [23.1,56.7],[26.0,58.9],[28.8,61.1],[31.7,63.4],[34.7,65.1]
  [35.7,62.2],[34.3,58.8],[33.3,55.4],[34.1,51.9],[36.4,49.2]
  [39.5,47.3],[42.6,45.4],[45.0,42.7],[47.0,39.7],[50.0,37.8]
  [51.4,34.5],[53.0,31.3],[56.0,29.4],[59.5,29.7],[62.8,31.2]
  [66.2,30.5],[68.7,27.9],[71.8,26.6],[74.7,28.5],[78.3,28.6]
  [81.8,27.8],[85.1,26.4],[87.8,24.0],[90.1,21.2],[92.4,18.4]
  [94.7,15.6],[97.0,12.8],[97.0,9.9],[93.4,10.4],[90.0,11.7]
  [86.6,12.9],[83.2,14.0],[79.7,14.9],[76.2,15.9],[72.7,16.7]
  [69.1,17.5],[65.6,18.2],[62.0,18.9],[58.5,19.5],[54.9,20.1]
  [51.3,20.5],[47.7,20.8],[44.1,21.2],[40.5,21.5],[37.1,22.5]
  [38.0,25.7],[40.6,28.2],[42.3,31.3],[40.0,33.5],[37.1,31.7]
  [35.2,28.6],[32.2,26.9],[31.2,29.6],[33.4,32.5],[35.1,35.6]
  [35.3,39.2],[33.6,42.3],[30.4,43.9],[26.8,43.8],[23.5,42.3]
  [21.2,39.6],[19.4,36.5],[16.7,34.0],[13.2,33.9],[10.0,35.5]
  [6.6,36.9],[3.4,38.4],[3.0,41.5],[5.8,43.7],[8.8,45.8]
],
// COTA sector splits: s1End=0.35, s2End=0.68

Mexico: [
  [17.3,4.4],[20.7,5.0],[24.2,5.5],[27.6,6.1],[31.1,6.6]
  [34.6,7.2],[38.0,7.7],[41.5,8.2],[44.9,8.7],[48.4,9.1]
  [51.9,9.5],[55.4,9.9],[58.8,10.3],[62.3,10.7],[65.8,11.1]
  [69.3,11.6],[72.7,12.0],[76.2,12.5],[79.7,12.9],[83.1,13.4]
  [86.6,13.8],[90.1,14.3],[93.3,15.5],[94.3,18.7],[94.8,22.0]
  [97.0,24.5],[96.4,27.9],[95.2,31.2],[93.5,34.3],[91.7,37.3]
  [89.8,40.2],[87.9,43.2],[86.2,46.2],[84.4,49.2],[82.6,52.2]
  [80.6,55.1],[78.7,58.0],[76.7,60.9],[76.6,64.1],[79.1,66.4]
  [76.9,68.9],[74.0,70.9],[71.1,70.1],[71.0,66.6],[71.7,63.2]
  [72.3,59.7],[73.0,56.3],[73.5,52.8],[72.7,49.5],[70.2,47.2]
  [67.6,44.8],[65.6,42.0],[62.9,39.9],[59.5,39.2],[56.0,39.0]
  [53.0,37.4],[51.3,34.3],[49.5,31.4],[46.5,29.5],[43.4,28.1]
  [40.0,27.0],[36.6,26.2],[33.2,25.6],[29.7,25.1],[26.2,24.7]
  [22.8,24.4],[19.3,24.0],[16.1,22.8],[14.8,19.6],[14.9,16.1]
  [14.6,12.7],[11.7,12.7],[8.4,13.3],[5.0,12.8],[3.0,10.4]
  [4.2,7.2],[7.0,5.0],[10.3,4.1],[13.8,4.1],[17.3,4.4]
],
// Mexico sector splits: s1End=0.34, s2End=0.68

Brazil: [
  [31.4,50.5],[32.3,54.0],[33.2,57.4],[34.1,60.9],[35.0,64.3]
  [36.1,67.7],[37.7,70.9],[40.8,72.0],[43.6,69.8],[47.0,69.7]
  [50.3,70.9],[53.9,71.0],[57.2,69.7],[59.9,67.4],[61.8,64.4]
  [62.9,61.0],[63.7,57.6],[64.6,54.1],[65.4,50.6],[66.3,47.2]
  [67.1,43.7],[68.0,40.3],[69.0,36.8],[69.9,33.4],[70.8,30.0]
  [71.7,26.5],[71.5,23.0],[68.9,20.7],[65.5,19.9],[61.9,20.1]
  [58.6,21.5],[55.9,23.8],[53.8,26.6],[51.8,29.5],[49.7,32.5]
  [47.8,35.4],[45.8,38.4],[43.5,41.1],[40.3,42.6],[36.8,42.2]
  [34.0,40.1],[32.5,36.9],[31.9,33.4],[32.5,29.9],[35.6,29.7]
  [38.9,30.7],[41.1,28.3],[39.7,25.1],[37.3,22.4],[35.3,19.5]
  [34.3,16.1],[36.2,13.7],[39.0,15.8],[41.2,18.6],[44.4,20.1]
  [47.9,19.9],[51.0,18.3],[53.2,15.5],[55.0,12.4],[56.8,9.3]
  [57.0,5.9],[54.1,3.9],[50.7,3.0],[47.1,3.0],[43.7,3.8]
  [40.3,5.0],[37.2,6.8],[34.6,9.2],[32.6,12.1],[31.2,15.4]
  [30.2,18.8],[29.4,22.3],[28.7,25.8],[28.4,29.3],[28.3,32.9]
  [28.5,36.5],[29.0,40.0],[29.7,43.5],[30.5,46.9],[31.3,50.4]
],
// Brazil sector splits: s1End=0.3, s2End=0.62

LasVegas: [
  [63.0,69.4],[64.9,67.3],[66.7,65.2],[68.5,63.2],[70.2,61.0]
  [68.9,58.9],[66.3,59.5],[64.2,61.3],[61.6,61.6],[59.5,59.9]
  [58.8,57.2],[58.6,54.5],[58.5,51.7],[58.3,48.9],[58.2,46.2]
  [58.1,43.4],[58.1,40.6],[58.0,37.9],[57.9,35.1],[57.8,32.4]
  [57.7,29.6],[59.5,27.9],[62.3,27.9],[65.0,27.8],[67.6,26.8]
  [69.6,24.9],[70.6,22.4],[69.2,20.4],[69.1,18.0],[69.3,15.5]
  [66.6,15.3],[63.8,15.3],[61.1,15.3],[58.3,15.3],[55.6,15.0]
  [53.0,13.9],[51.1,11.9],[49.9,9.5],[48.6,7.0],[46.8,4.9]
  [44.4,3.6],[41.7,3.0],[39.7,4.2],[38.6,6.7],[37.4,9.2]
  [36.0,11.6],[34.7,14.0],[33.5,16.5],[32.4,19.0],[31.6,21.7]
  [30.9,24.4],[30.3,27.1],[29.9,29.8],[29.6,32.5],[29.5,35.3]
  [29.6,38.1],[29.6,40.8],[29.6,43.6],[29.6,46.4],[29.6,49.1]
  [29.6,51.9],[29.6,54.6],[29.5,57.4],[29.5,60.2],[29.5,62.9]
  [29.4,65.7],[29.4,68.5],[31.0,70.4],[33.4,71.8],[36.1,72.0]
  [38.9,71.9],[41.6,71.9],[44.4,71.8],[47.2,71.7],[49.9,71.8]
  [52.7,71.8],[55.5,71.7],[58.2,71.6],[60.9,70.9],[63.1,69.3]
],
// LasVegas sector splits: s1End=0.28, s2End=0.62

Qatar: [
  [36.6,55.6],[35.0,52.8],[33.5,49.9],[31.9,47.1],[30.4,44.3]
  [28.8,41.5],[27.2,38.7],[25.6,35.9],[24.0,33.1],[22.3,30.3]
  [20.9,27.5],[20.5,24.3],[23.0,22.4],[26.0,23.4],[28.6,25.2]
  [31.4,26.9],[34.4,26.7],[35.7,23.9],[35.7,20.7],[35.7,17.5]
  [37.1,14.6],[39.2,12.2],[41.4,9.8],[43.5,7.4],[45.7,5.0]
  [48.1,3.0],[51.2,3.6],[53.6,5.8],[54.5,8.8],[52.7,11.4]
  [50.4,13.6],[48.2,16.0],[47.0,18.9],[49.9,19.4],[52.9,18.2]
  [55.8,16.9],[58.7,15.6],[61.8,14.6],[64.6,15.9],[64.7,18.9]
  [62.5,21.3],[60.7,23.9],[59.6,26.9],[58.1,29.7],[55.2,30.9]
  [52.0,31.5],[49.3,33.1],[49.8,36.0],[52.2,38.2],[55.0,39.8]
  [58.1,40.8],[61.3,41.0],[64.5,40.8],[67.7,40.5],[70.9,40.0]
  [74.1,40.1],[76.7,41.8],[78.4,44.5],[79.5,47.6],[78.6,50.6]
  [76.8,53.3],[74.7,55.7],[71.6,56.0],[68.5,55.3],[65.3,54.6]
  [62.1,54.1],[59.1,54.7],[57.2,57.2],[55.8,60.1],[54.4,63.1]
  [53.0,65.9],[51.5,68.8],[49.7,71.5],[46.7,72.0],[44.4,69.8]
  [42.9,67.0],[41.3,64.2],[39.8,61.4],[38.2,58.5],[36.7,55.7]
],
// Qatar sector splits: s1End=0.33, s2End=0.67

AbuDhabi: [
  [45.3,42.0],[48.0,41.7],[50.7,41.4],[53.3,41.1],[56.0,40.8]
  [58.7,40.5],[60.5,38.8],[60.4,36.1],[59.8,33.5],[59.0,30.9]
  [57.1,29.1],[54.6,28.2],[52.4,26.7],[51.4,24.3],[51.7,21.6]
  [52.1,18.9],[52.5,16.3],[52.5,13.6],[52.4,10.9],[52.2,8.2]
  [51.9,5.5],[51.0,3.0],[48.7,3.4],[47.7,5.9],[46.9,8.4]
  [46.1,11.0],[45.2,13.6],[44.3,16.1],[43.4,18.6],[42.5,21.2]
  [41.7,23.7],[40.8,26.3],[39.9,28.8],[39.0,31.4],[38.1,33.9]
  [37.2,36.5],[36.3,39.0],[35.3,41.5],[34.4,44.1],[33.7,46.7]
  [35.2,48.1],[36.9,49.7],[37.6,52.3],[38.7,54.7],[40.3,56.9]
  [42.2,58.8],[44.3,60.6],[46.4,62.3],[48.4,64.0],[50.5,65.8]
  [52.7,67.4],[55.0,68.8],[57.4,70.0],[59.9,71.0],[62.4,72.0]
  [65.0,71.9],[66.3,69.7],[65.3,67.2],[63.0,66.0],[60.3,65.6]
  [57.6,65.4],[54.9,65.1],[52.5,64.0],[50.4,62.3],[49.3,59.9]
  [49.1,57.2],[51.3,56.3],[53.6,55.2],[53.9,52.5],[52.2,50.7]
  [49.5,50.7],[46.8,51.1],[44.2,51.5],[41.6,51.0],[39.9,49.0]
  [38.6,46.6],[38.1,44.0],[39.9,42.4],[42.6,42.2],[45.3,42.0]
],
// AbuDhabi sector splits: s1End=0.34, s2End=0.68

